image_width: 1440
image_height: 1080
camera_name: narrow_stereo
camera_matrix:
  rows: 3
  cols: 3
  data: [2372.265824, 0.000000, 699.756065, 0.000000, 2369.667514, 585.936317, 0.000000, 0.000000, 1.000000]
distortion_model: plumb_bob
distortion_coefficients:
  rows: 1
  cols: 5
  data: [-0.148588 ,0.822930 ,0.001695 ,-0.001909 , 0.000000]
rectification_matrix:
  rows: 3
  cols: 3
  data: [1.000000, 0.000000, 0.000000, 0.000000, 1.000000, 0.000000, 0.000000, 0.000000, 1.000000]
projection_matrix:
  rows: 3
  cols: 4
  data: [2360.686523, 0.000000, 698.158035, 0.000000, 0.000000, 2358.949707, 585.972288, 0.000000, 0.000000, 0.000000, 1.000000, 0.000000]

# camera matrix
# 2372.265824 0.000000 699.756065
# 0.000000 2369.667514 585.936317
# 0.000000 0.000000 1.000000

# distortion
# -0.148588 0.822930 0.001695 -0.001909 0.000000

# rectification
# 1.000000 0.000000 0.000000
# 0.000000 1.000000 0.000000
# 0.000000 0.000000 1.000000

# projection
# 2360.686523 0.000000 698.158035 0.000000
# 0.000000 2358.949707 585.972288 0.000000
# 0.000000 0.000000 1.000000 0.000000
